# 5 hours and 14 minutes to render at 1024x0124
recursionlevel 6
camera 5 0 0 0 0 0 0 0 1 -5
bounds -4 4 -4 4
res 256 256
ambient 0.1 0.1 0.1
light 5 0 0 1 0.3 0.3 0.3
light 5 -5 -5 1 0.4 0.2 0.2
light 5 -5 5 1 0.2 0.2 0.2
light 5 5 -5 1 0.2 0.2 0.4
light 5 5 5 1 0.6 0.6 0.6
sphere -20 -13 12 4.5 0.1 0.1 0.1 0.3 0.3 0.3 1.0 1.0 1.0 0.9 0.9 0.9 1.0
sphere -20 -4.5 10 3.5 0.1 0.1 0.1 0.2 0.4 0.4 0.6 0.6 0.8 0.9 0.9 0.9 1.0
sphere -20 -14 5 3 0.1 0.1 0.1 0.4 0.2 0.1 0.4 0.7 0.8 0.7 0.7 0.5 1.0
sphere -15 -14 13 1 0.1 0.1 0.1 0.2 0.6 0.2 0.2 0.6 0.2 0.2 0.6 0.2 1.0
sphere -15 -7 10 3 0.0 0.0 0.0 0.0 0.0 0.0 0.0 0.0 0.0 0.0 0.0 0.0 2.0

sphere -4 5 0 2 0.0 0.0 0.0 0.0 0.0 0.0 0.0 0.0 0.0 0.0 0.0 0.0 1.15
sphere -10 5 0 3 0.2 0.4 0.2 0.6 0.9 0.6 0.6 0.8 0.6 0.7 0.9 0.7 1.0
trans rota 1 0 0 45
trans move -10 7 0
cutoffAngle 0
load mycube.obj

sphere -10 -5 -5 4 0.1 0.1 0.1 0.3 0.3 0.3 1.0 1.0 1.0 0.9 0.9 0.9 1.0
sphere -4 -1.5 -5 1 0.0 0.0 0.0 0.6 0.0 0.0 0.9 0.9 0.9 0.9 0.9 0.9 1.0
trans clear
trans move -5 -9 -9
trans scale 0.4 0.4 0.4
cutoffAngle 90
load mysphere.obj

sphere -10000500 0 0 10000000 0.0 0.0 0.0 0.2 0.2 0.2 0.9 0.9 0.9 0.9 0.9 0.9 1.0