# 9 hours and 32 minutes to render at 1024x1024
recursionlevel 4
camera 5 0 0 0 0 0 0 0 1 -5
bounds -4 4 -4 4
res 256 256
ambient 0.2 0.2 0.2
light -300 -1000 900 1 0.95 0.95 0.95
light 5 0 0 1 0.4 0.4 0.4

sphere -2 0 0 1.8 0.0 0.0 0.0 0.0 0.0 0.0 0.0 0.0 0.0 0.0 0.0 0.0 2.0

sphere -50 -22 0.5 1 0.4 0.35294117647 0.25882352941 0.4 0.35294117647 0.25882352941 1.0 1.0 1.0 0.0 0.0 0.0 1.0
sphere -50 -20 0 1 0.4 0.35294117647 0.25882352941 0.4 0.35294117647 0.25882352941 1.0 1.0 1.0 0.0 0.0 0.0 1.0
sphere -50 -18 0.5 1 0.4 0.35294117647 0.25882352941 0.4 0.35294117647 0.25882352941 1.0 1.0 1.0 0.0 0.0 0.0 1.0
sphere -50 -16 0 1 0.4 0.35294117647 0.25882352941 0.4 0.35294117647 0.25882352941 1.0 1.0 1.0 0.0 0.0 0.0 1.0
sphere -90 -45 0 2.5 0.0 0.0 1.0 0.0 0.0 1.0 1.0 1.0 1.0 0.0 0.0 0.0 1.0

sphere -130 80 0 2 1.0 1.0 1.0 1.0 1.0 1.0 1.0 1.0 1.0 0.0 0.0 0.0 1.0

sphere 0 0 -10000006 10000000 0.94117647058 0.87450980392 0.58431372549 0.94117647058 0.87450980392 0.58431372549 0.94117647058 0.87450980392 0.58431372549 0.0 0.0 0.0 1.0
sphere 0 0 1000000000 950000000 0.18 0.22 0.34 0.18 0.22 0.34 1.0 1.0 1.0 1.0 1.0 1.0 1.0
sphere 0 1000000000 0 950000000 0.18 0.22 0.34 0.18 0.22 0.34 1.0 1.0 1.0 1.0 1.0 1.0 1.0
sphere 0 -1000000000 0 950000000 0.18 0.22 0.34 0.18 0.22 0.34 1.0 1.0 1.0 1.0 1.0 1.0 1.0

cutoffAngle 45

trans clear
trans rota 1 0 0 90
trans move -1.5 -0.3 -0.925
trans scale 1 4 4
load hand3d.obj

trans clear
trans rota 1 0 0 90
trans move -15 6 -6
trans scale 1 1.5 0.8
load fence.obj

trans clear
trans rota 1 0 0 95
trans move -1000 13.5 1
trans scale 1 50 50
load cloud1.obj

trans clear
trans rota 1 0 0 95
trans move -1000 11 1
trans scale 1 50 50
load cloud2.obj

trans clear
trans move -10000000 -0.5 -0.50000000001
trans scale 1 100000000 100000000
load skybox.obj